-0.0918167
0.82635
1.37725
1.37725
1.00998
0.642717
0.459083
0.459083
0.459083
0.27545
-0.0918167
-0.27545
-0.459083
-0.459083
-0.459083
-0.642717
-1.00998
-1.37725
-1.37725
-0.82635
-0.0918167
0.82635
1.37725
1.37725
1.00998
0.642717
0.459083
0.459083
0.459083
0.27545
0.0918167
-0.27545
-0.459083
-0.459083
-0.459083
-0.642717
-1.00998
-1.37725
-1.37725
-0.82635
-0.0918167
0.82635
1.37725
1.37725
1.00998
0.642717
0.459083
0.459083
0.459083
0.27545
-0.0918167
-0.27545
-0.459083
-0.459083
-0.459083
-0.642717
-1.00998
-1.37725
-1.37725
-0.82635
-0.0918167
0.82635
1.37725
1.37725
1.00998
0.642717
0.459083
0.459083
0.459083
0.27545
-0.0918167
-0.27545
-0.459083
-0.459083
-0.459083
-0.642717
-1.00998
-1.37725
-1.37725
-0.82635
-0.0918167
0.82635
1.37725
1.37725
1.00998
0.642717
0.459083
0.459083
0.459083
0.27545
0.0918167
-0.27545
-0.459083
-0.459083
-0.459083
-0.642717
-1.00998
-1.37725
-1.37725
-0.82635
