0
0.845615
1.34863
1.37725
1.06861
0.7
0.480828
0.426194
0.397574
0.257829
1.10215e-16
-0.257829
-0.397574
-0.426194
-0.480828
-0.7
-1.06861
-1.37725
-1.34863
-0.845615
-7.10272e-16
0.845615
1.34863
1.37725
1.06861
0.7
0.480828
0.426194
0.397574
0.257829
3.30644e-16
-0.257829
-0.397574
-0.426194
-0.480828
-0.7
-1.06861
-1.37725
-1.34863
-0.845615
-1.42054e-15
0.845615
1.34863
1.37725
1.06861
0.7
0.480828
0.426194
0.397574
0.257829
-5.14741e-16
-0.257829
-0.397574
-0.426194
-0.480828
-0.7
-1.06861
-1.37725
-1.34863
-0.845615
-2.13082e-15
0.845615
1.34863
1.37725
1.06861
0.7
0.480828
0.426194
0.397574
0.257829
-2.94312e-16
-0.257829
-0.397574
-0.426194
-0.480828
-0.7
-1.06861
-1.37725
-1.34863
-0.845615
-2.84109e-15
0.845615
1.34863
1.37725
1.06861
0.7
0.480828
0.426194
0.397574
0.257829
2.05775e-15
-0.257829
-0.397574
-0.426194
-0.480828
-0.7
-1.06861
-1.37725
-1.34863
-0.845615
5.6857e-15
0.845615
1.34863
1.37725
1.06861
0.7
0.480828
0.426194
0.397574
0.257829
1.46546e-16
-0.257829
-0.397574
-0.426194
-0.480828
-0.7
-1.06861
-1.37725
-1.34863
-0.845615
-4.26163e-15
0.845615
1.34863
1.37725
1.06861
0.7
0.480828
0.426194
0.397574
0.257829
2.4986e-15
-0.257829
-0.397574
-0.426194
-0.480828
-0.7
-1.06861
-1.37725
-1.34863
-0.845615
1.13706e-14
0.845615
1.34863
1.37725
1.06861
0.7
0.480828
0.426194
0.397574
0.257829
5.87404e-16
-0.257829
-0.397574
-0.426194
-0.480828
-0.7
-1.06861
-1.37725
-1.34863
-0.845615
-5.68217e-15
0.845615
1.34863
1.37725
1.06861
0.7
0.480828
0.426194
0.397574
0.257829
2.93946e-15
-0.257829
-0.397574
-0.426194
-0.480828
-0.7
-1.06861
-1.37725
-1.34863
-0.845615
-8.52407e-15
0.845615
1.34863
1.37725
1.06861
0.7
0.480828
0.426194
0.397574
0.257829
5.29152e-15
-0.257829
-0.397574
-0.426194
-0.480828
-0.7
-1.06861
-1.37725
-1.34863
-0.845615
1.13714e-14
0.845615
1.34863
1.37725
1.06861
0.7
0.480828
0.426194
0.397574
0.257829
7.64358e-15
-0.257829
-0.397574
-0.426194
-0.480828
-0.7
-1.06861
-1.37725
-1.34863
-0.845615
8.52949e-15
0.845615
1.34863
1.37725
1.06861
0.7
0.480828
0.426194
0.397574
0.257829
1.46912e-15
-0.257829
-0.397574
-0.426194
-0.480828
-0.7
-1.06861
-1.37725
-1.34863
-0.845615
-8.52326e-15
0.845615
1.34863
1.37725
1.06861
0.7
0.480828
0.426194
0.397574
0.257829
3.82118e-15
-0.257829
-0.397574
-0.426194
-0.480828
-0.7
-1.06861
-1.37725
-1.34863
-0.845615
2.84569e-15
0.845615
1.34863
1.37725
1.06861
0.7
0.480828
0.426194
0.397574
0.257829
-2.35328e-15
-0.257829
-0.397574
-0.426194
-0.480828
-0.7
-1.06861
-1.37725
-1.34863
-0.845615
2.27412e-14
0.845615
1.34863
1.37725
1.06861
0.7
0.480828
0.426194
0.397574
0.257829
8.52529e-15
-0.257829
-0.397574
-0.426194
-0.480828
-0.7
-1.06861
-1.37725
-1.34863
-0.845615
5.68841e-15
0.845615
1.34863
1.37725
1.06861
0.7
0.480828
0.426194
0.397574
0.257829
1.08774e-14
-0.257829
-0.397574
-0.426194
-0.480828
-0.7
-1.06861
-1.37725
-1.34863
-0.845615
-1.13643e-14
0.845615
1.34863
1.37725
1.06861
0.7
0.480828
0.426194
0.397574
0.257829
-3.82362e-15
-0.257829
-0.397574
-0.426194
-0.480828
-0.7
-1.06861
-1.37725
-1.34863
-0.845615
4.60786e-18
0.845615
1.34863
1.37725
1.06861
0.7
0.480828
0.426194
0.397574
0.257829
-1.47156e-15
-0.257829
-0.397574
-0.426194
-0.480828
-0.7
-1.06861
-1.37725
-1.34863
-0.845615
-1.70481e-14
0.845615
1.34863
1.37725
1.06861
0.7
0.480828
0.426194
0.397574
0.257829
8.80497e-16
-0.257829
-0.397574
-0.426194
-0.480828
-0.7
-1.06861
-1.37725
-1.34863
-0.845615
-5.67919e-15
0.845615
1.34863
1.37725
1.06861
0.7
0.480828
0.426194
0.397574
0.257829
3.23255e-15
-0.257829
-0.397574
-0.426194
-0.480828
-0.7
-1.06861
-1.37725
-1.34863
-0.845615
2.27428e-14
0.845615
1.34863
1.37725
1.06861
0.7
0.480828
0.426194
0.397574
0.257829
5.58461e-15
-0.257829
-0.397574
-0.426194
-0.480828
-0.7
-1.06861
-1.37725
-1.34863
-0.845615
-1.1363e-14
0.845615
1.34863
1.37725
1.06861
0.7
0.480828
0.426194
0.397574
0.257829
7.93667e-15
-0.257829
-0.397574
-0.426194
-0.480828
-0.7
-1.06861
-1.37725
-1.34863
-0.845615
1.7059e-14
0.845615
1.34863
1.37725
1.06861
0.7
0.480828
0.426194
0.397574
0.257829
1.02887e-14
-0.257829
-0.397574
-0.426194
-0.480828
-0.7
-1.06861
-1.37725
-1.34863
-0.845615
2.84279e-14
0.845615
1.34863
1.37725
1.06861
0.7
0.480828
0.426194
0.397574
0.257829
-4.41224e-15
-0.257829
-0.397574
-0.426194
-0.480828
-0.7
-1.06861
-1.37725
-1.34863
-0.845615
-1.70465e-14
0.845615
1.34863
1.37725
1.06861
0.7
0.480828
0.426194
0.397574
0.257829
1.49928e-14
-0.257829
-0.397574
-0.426194
-0.480828
-0.7
-1.06861
-1.37725
-1.34863
-0.845615
-5.67757e-15
0.845615
1.34863
1.37725
1.06861
0.7
0.480828
0.426194
0.397574
0.257829
2.91873e-16
-0.257829
-0.397574
-0.426194
-0.480828
-0.7
-1.06861
-1.37725
-1.34863
-0.845615
5.69139e-15
0.845615
1.34863
1.37725
1.06861
0.7
0.480828
0.426194
0.397574
0.257829
2.64393e-15
-0.257829
-0.397574
-0.426194
-0.480828
-0.7
-1.06861
-1.37725
-1.34863
-0.845615
3.41134e-14
0.845615
1.34863
1.37725
1.06861
0.7
0.480828
0.426194
0.397574
0.257829
-1.2057e-14
-0.257829
-0.397574
-0.426194
-0.480828
-0.7
-1.06861
-1.37725
-1.34863
-0.845615
4.54823e-14
0.845615
1.34863
1.37725
1.06861
0.7
0.480828
0.426194
0.397574
0.257829
7.34804e-15
-0.257829
-0.397574
-0.426194
-0.480828
-0.7
-1.06861
-1.37725
-1.34863
-0.845615
-1.70452e-14
0.845615
1.34863
1.37725
1.06861
0.7
0.480828
0.426194
0.397574
0.257829
2.67531e-14
-0.257829
-0.397574
-0.426194
-0.480828
-0.7
-1.06861
-1.37725
-1.34863
-0.845615
1.13768e-14
0.845615
1.34863
1.37725
1.06861
0.7
0.480828
0.426194
0.397574
0.257829
1.20522e-14
-0.257829
-0.397574
-0.426194
-0.480828
-0.7
-1.06861
-1.37725
-1.34863
-0.845615
5.69274e-15
0.845615
1.34863
1.37725
1.06861
0.7
0.480828
0.426194
0.397574
0.257829
-2.64881e-15
-0.257829
-0.397574
-0.426194
-0.480828
-0.7
-1.06861
-1.37725
-1.34863
-0.845615
-2.27287e-14
0.845615
1.34863
1.37725
1.06861
0.7
0.480828
0.426194
0.397574
0.257829
1.67563e-14
-0.257829
-0.397574
-0.426194
-0.480828
-0.7
-1.06861
-1.37725
-1.34863
-0.845615
5.69329e-15
0.845615
1.34863
1.37725
1.06861
0.7
0.480828
0.426194
0.397574
0.257829
2.05531e-15
-0.257829
-0.397574
-0.426194
-0.480828
-0.7
-1.06861
-1.37725
-1.34863
-0.845615
9.21572e-18
0.845615
1.34863
1.37725
1.06861
0.7
0.480828
0.426194
0.397574
0.257829
-1.26457e-14
-0.257829
-0.397574
-0.426194
-0.480828
-0.7
-1.06861
-1.37725
-1.34863
-0.845615
2.84312e-14
0.845615
1.34863
1.37725
1.06861
0.7
0.480828
0.426194
0.397574
0.257829
6.75942e-15
-0.257829
-0.397574
-0.426194
-0.480828
-0.7
-1.06861
-1.37725
-1.34863
-0.845615
-3.40963e-14
0.845615
1.34863
1.37725
1.06861
0.7
0.480828
0.426194
0.397574
0.257829
2.61645e-14
-0.257829
-0.397574
-0.426194
-0.480828
-0.7
-1.06861
-1.37725
-1.34863
-0.845615
-5.67431e-15
0.845615
1.34863
1.37725
1.06861
0.7
0.480828
0.426194
0.397574
0.257829
1.14635e-14
-0.257829
-0.397574
-0.426194
-0.480828
-0.7
-1.06861
-1.37725
-1.34863
-0.845615
-1.13584e-14
0.845615
1.34863
1.37725
1.06861
0.7
0.480828
0.426194
0.397574
0.257829
-3.23743e-15
-0.257829
-0.397574
-0.426194
-0.480828
-0.7
-1.06861
-1.37725
-1.34863
-0.845615
1.70636e-14
0.845615
1.34863
1.37725
1.06861
0.7
0.480828
0.426194
0.397574
0.257829
1.61676e-14
-0.257829
-0.397574
-0.426194
-0.480828
-0.7
-1.06861
-1.37725
-1.34863
-0.845615
4.54856e-14
0.845615
1.34863
1.37725
1.06861
0.7
0.480828
0.426194
0.397574
0.257829
1.46668e-15
-0.257829
-0.397574
-0.426194
-0.480828
-0.7
-1.06861
-1.37725
-1.34863
-0.845615
3.98015e-14
0.845615
1.34863
1.37725
1.06861
0.7
0.480828
0.426194
0.397574
0.257829
-1.32343e-14
-0.257829
-0.397574
-0.426194
-0.480828
-0.7
-1.06861
-1.37725
-1.34863
-0.845615
-2.2726e-14
0.845615
1.34863
1.37725
1.06861
0.7
0.480828
0.426194
0.397574
0.257829
6.1708e-15
-0.257829
-0.397574
-0.426194
-0.480828
-0.7
-1.06861
-1.37725
-1.34863
-0.845615
-5.11474e-14
0.845615
1.34863
1.37725
1.06861
0.7
0.480828
0.426194
0.397574
0.257829
2.55759e-14
-0.257829
-0.397574
-0.426194
-0.480828
-0.7
-1.06861
-1.37725
-1.34863
-0.845615
3.4118e-14
0.845615
1.34863
1.37725
1.06861
0.7
0.480828
0.426194
0.397574
0.257829
1.08749e-14
-0.257829
-0.397574
-0.426194
-0.480828
-0.7
-1.06861
-1.37725
-1.34863
-0.845615
-2.84095e-14
0.845615
1.34863
1.37725
1.06861
0.7
0.480828
0.426194
0.397574
0.257829
-3.82606e-15
-0.257829
-0.397574
-0.426194
-0.480828
-0.7
-1.06861
-1.37725
-1.34863
-0.845615
5.68559e-14
0.845615
1.34863
1.37725
1.06861
0.7
0.480828
0.426194
0.397574
0.257829
1.5579e-14
-0.257829
-0.397574
-0.426194
-0.480828
-0.7
-1.06861
-1.37725
-1.34863
-0.845615
2.84344e-14
0.845615
1.34863
1.37725
1.06861
0.7
0.480828
0.426194
0.397574
0.257829
8.78057e-16
-0.257829
-0.397574
-0.426194
-0.480828
-0.7
-1.06861
-1.37725
-1.34863
-0.845615
-3.4093e-14
0.845615
1.34863
1.37725
1.06861
0.7
0.480828
0.426194
0.397574
0.257829
2.02831e-14
-0.257829
-0.397574
-0.426194
-0.480828
-0.7
-1.06861
-1.37725
-1.34863
-0.845615
1.70663e-14
0.845615
1.34863
1.37725
1.06861
0.7
0.480828
0.426194
0.397574
0.257829
5.58217e-15
-0.257829
-0.397574
-0.426194
-0.480828
-0.7
-1.06861
-1.37725
-1.34863
-0.845615
