0
0.845615
1.34863
1.37725
1.06861
0.7
0.480828
0.426194
0.397574
0.257829
1.10215e-16
-0.257829
-0.397574
-0.426194
-0.480828
-0.7
-1.06861
-1.37725
-1.34863
-0.845615
-7.10272e-16
0.845615
1.34863
1.37725
1.06861
0.7
0.480828
0.426194
0.397574
0.257829
3.30644e-16
-0.257829
-0.397574
-0.426194
-0.480828
-0.7
-1.06861
-1.37725
-1.34863
-0.845615
-1.42054e-15
0.845615
1.34863
1.37725
1.06861
0.7
0.480828
0.426194
0.397574
0.257829
-5.14741e-16
-0.257829
-0.397574
-0.426194
-0.480828
-0.7
-1.06861
-1.37725
-1.34863
-0.845615
-2.13082e-15
0.845615
1.34863
1.37725
1.06861
0.7
0.480828
0.426194
0.397574
0.257829
-2.94312e-16
-0.257829
-0.397574
-0.426194
-0.480828
-0.7
-1.06861
-1.37725
-1.34863
-0.845615
-2.84109e-15
0.845615
1.34863
1.37725
1.06861
0.7
0.480828
0.426194
0.397574
0.257829
2.05775e-15
-0.257829
-0.397574
-0.426194
-0.480828
-0.7
-1.06861
-1.37725
-1.34863
-0.845615
5.6857e-15
0.845615
1.34863
1.37725
1.06861
0.7
0.480828
0.426194
0.397574
0.257829
1.46546e-16
-0.257829
-0.397574
-0.426194
-0.480828
-0.7
-1.06861
-1.37725
-1.34863
-0.845615
-4.26163e-15
0.845615
1.34863
1.37725
1.06861
0.7
0.480828
0.426194
