5.69263 0
6.39697 0.0520841
6.22804 -0.459707
7.60023 -1.01096
10.0555 -1.70514
15.1756 -3.71947
47.5682 -14.312
-28.2546 10.8626
-9.14999 4.83447
-4.5591 3.26633
-2.55717 3.21397
-1.29821 3.92119
2.05695 6.22928
-18.8497 -22.5154
-3.74739 -3.4476
-2.73197 -1.63677
-1.80483 -1.51362
-0.6981 -1.8963
0.224242 -3.14302
10.1907 -16.8489
-4.28563 4.03628
-2.33667 1.82772
-1.81596 0.807729
-1.50113 0.673828
-1.54896 1.05459
-1.57032 0.262347
-1.56675 0.740091
-0.926596 0.256205
-1.06643 0.826333
-1.08342 0.74145
-0.800247 0.355272
-0.999813 0.290228
-1.28543 1.46907
-0.934766 0.300254
-0.66934 0.24407
-0.885452 -0.126227
-0.801596 -0.185865
-0.606035 0.425445
-1.34983 0.0517479
-0.746315 0.434378
-0.691553 -0.225436
-0.465149 0.313785
-0.484353 0.451805
-0.448605 0.0241643
-0.677702 -0.036618
-0.406056 1.01496
-0.598695 0.383826
-0.380097 0.172884
-0.76604 -0.0445569
-0.862241 -0.26937
-0.261151 0.0247974
-0.936355 -0.0120946
-0.603345 0.472171
-0.934357 -0.148499
-0.464792 0.0485487
-0.260218 0.239082
-0.36203 -0.118227
-0.477496 -0.1115
-0.494524 0.353616
-0.458329 0.2774
-0.270549 0.00565643
-0.649743 0.0401463
-1.01454 -0.090678
-0.360161 -0.304189
-0.918167 0
-0.360161 0.304189
-1.01454 0.090678
-0.649743 -0.0401463
-0.270549 -0.00565643
-0.458329 -0.2774
-0.494524 -0.353616
-0.477496 0.1115
-0.36203 0.118227
-0.260218 -0.239082
-0.464792 -0.0485487
-0.934357 0.148499
-0.603345 -0.472171
-0.936355 0.0120946
-0.261151 -0.0247974
-0.862241 0.26937
-0.76604 0.0445569
-0.380097 -0.172884
-0.598695 -0.383826
-0.406056 -1.01496
-0.677702 0.036618
-0.448605 -0.0241643
-0.484353 -0.451805
-0.465149 -0.313785
-0.691553 0.225436
-0.746315 -0.434378
-1.34983 -0.0517479
-0.606035 -0.425445
-0.801596 0.185865
-0.885452 0.126227
-0.66934 -0.24407
-0.934766 -0.300254
-1.28543 -1.46907
-0.999813 -0.290228
-0.800247 -0.355272
-1.08342 -0.74145
-1.06643 -0.826333
-0.926596 -0.256205
-1.56675 -0.740091
-1.57032 -0.262347
-1.54896 -1.05459
-1.50113 -0.673828
-1.81596 -0.807729
-2.33667 -1.82772
-4.28563 -4.03628
10.1907 16.8489
0.224242 3.14302
-0.6981 1.8963
-1.80483 1.51362
-2.73197 1.63677
-3.74739 3.4476
-18.8497 22.5154
2.05695 -6.22928
-1.29821 -3.92119
-2.55717 -3.21397
-4.5591 -3.26633
-9.14999 -4.83447
-28.2546 -10.8626
47.5682 14.312
15.1756 3.71947
10.0555 1.70514
7.60023 1.01096
6.22804 0.459707
6.39697 -0.0520841
